286.9559461190325
338.486625114988
287.09719689176444
318.62696093849036
301.2799777243105
369.56400512153425
371.9197517750486
302.5873264568492
402.58068734747394
364.35208257478524
335.0642969818876
334.8068809830379
306.20577242727336
309.7526537189422
302.88267896292774
299.01399959200455
288.29526140412133
263.488527625647
299.96863409926164
363.151385897517
332.76476248468873
349.7376298880401
350.92985401376575
251.43966341668215
336.2108341138207
363.69373527060884
279.44906962545986
309.0895593181415
299.90581039403713
269.44552324729926
354.2615694027478
379.02077488314546
321.07660549511513
353.8070490789786
279.8681425489468
317.51261231011887
272.55523216132224
350.9992133851616
283.5642364418504
386.77298197883107
373.89257895361783
350.3957453236233
291.21999466984806
345.71517473099505
374.38973501834795
260.8535561834983
288.14007177148846
382.3907604568206
355.6066215203812
400.16745088659457
358.13037371863214
301.3695044216323
356.75370388325695
299.9464981142189
288.11465768619655
300.1557499450072
316.78177722911056
373.59504143352956
317.7243178251375
329.5666561070301
348.9664473151386
378.64636959398257
286.51530963119194
344.90570797334607
306.48780217251226
242.7321517613013
267.9812828044921
336.8584967078777
303.03319884910314
327.2638495216955
266.61508084115997
320.8299280674738
330.37463693516827
262.1664039622583
312.9090157781246
327.3594367160243
310.2625808078784
323.8754331202468
359.21801709175395
344.49320895902855
282.0840093924052
289.95300314502794
283.1805829177653
328.817998088231
372.19704332265724
349.71642679957614
364.13553257706565
271.13252382844615
376.01824816919725
269.4300404580318
365.3870570454809
320.5285793019047
299.5626764564982
341.8627001835535
336.6364957915247
407.6596374894999
295.34334318726746
345.39538700860913
348.5606610417269
298.5595133274261
295.8503335216212
297.32029146033886
283.5989358902219
327.7172010536408
334.17448444381563
331.1772835793528
374.93817971994264
298.7696441946072
346.7037577682811
296.35942360449883
368.4931290673399
393.19902664503786
305.77544173919796
320.82783289314034
296.57248504222326
296.8338919044471
332.8782019584072
283.80240720271047
275.76730111804613
386.61923810042214
368.4374942059203
306.71228085348906
311.075745877523
329.8600086530818
378.40909861760014
303.7029463006059
329.20288270855815
323.95631309593585
349.0661685877997
337.092418843861
351.49997368115936
309.9807523679982
308.48648394298044
348.7721196681707
380.81463973516605
295.62755833054683
279.47200408366996
290.16698868498185
389.2982596510251
314.4585573149568
379.1389028624106
304.35263484194803
356.23123433000234
417.893320595779
290.63186776808766
339.5614915444606
274.7194226717721
335.03993376066524
291.5844186357395
332.53924208593946
342.8540913414526
345.0514074541846
282.0143163898591
338.9245574109226
369.6511287075298
315.1127602194631
296.7245420687692
348.4872864284066
269.8568048637711
330.312080420864
313.6658513863978
340.44041068883087
315.99088227484384
397.4363490966928
313.835579566586
317.64306824983913
312.0129345009714
270.87763841290285
296.53196162345137
381.2691298139635
287.96879918483137
348.4841633390134
274.34187388582336
383.2092787275035
311.13905064832
332.3811380758386
286.485186184944
319.88474508242706
323.28982807033964
417.0608249976239
295.7023129004928
319.7584192637468
408.876686619032
319.89934625307177
313.8369346335783
316.1668164019902
392.52588562778567
292.4708216042418
312.3011624052101
389.1610969759125
364.09294215483897
298.5346199586866
353.3087538485806
372.08123508924785
256.22702424258665
306.63019241413804
313.2762812289695
356.57846968670924
287.44049502624654
335.0958852750096
327.42791954430106
272.9305404817129
272.2373145088298
335.46321801390974
285.01695489258515
355.61597584950647
411.66544453693507
388.445328687498
368.88001515632766
333.076543869759
263.77588995260925
290.2835845081547
354.22939077467083
329.0705177817551
277.87371186536143
310.37673231972224
296.0473719229042
388.9215490190252
354.1888916655261
263.95429343726414
315.8394492377554
288.66950995418983
314.02230784375496
266.38617740528264
314.9639435135867
365.2625023054212
361.47742447553503
315.9080672277101
348.5872383885249
349.6161434452114
331.95385351492524
336.24522163061675
328.9484446217564
331.7836022598577
336.8699324126188
402.97948917361856
298.44429595155077
299.1004348535973
329.2553261736626
303.9747210384972
328.62449669921295
355.8527641806992
364.7008389025547
316.36587801694776
315.23515325107525
363.16807659629086
288.8440653498796
329.08583986586626
339.7197578720077
359.689540102005
332.1871342185986
313.3288721135397
326.23294192916916
305.9808619366114
366.5341592198496
257.8841862908027
337.2338084174974
319.8588650730624
380.05264040827495
316.2442991405059
365.3391275731216
344.0714251536596
357.09844900895575
291.3665683483757
301.9425320965623
326.65394913955276
320.0345660381329
301.8908167571916
296.84748127994794
308.9849385310488
282.6495308696341
324.97946700150715
297.144615069267
304.81728205414424
285.0521905735138
359.07434943709734
330.8123361177903
344.90779247558186
314.5465167838823
305.44849439215363
361.84664661769716
374.19243301313446
364.18291526684976
377.95781331532913
310.54189578609544
315.12595568358444
284.6512467699084
306.3342976488507
393.93706413875105
292.9354732395355
365.5520814343094
315.87013048042144
346.7007030632725
284.67326237878416
326.2942327255287
289.7154904114173
301.9603271449402
282.54328364978
340.4250816803577
346.6599740359909
406.34382375760117
324.54074574455774
334.9798607912557
404.7653109658036
340.7050938551208
332.36049242994017
315.50342091344885
308.71324553648105
338.396838484618
307.9022975548899
374.4830645383298
353.53453584072014
275.59125812058517
341.35204861106797
310.1005962650728
302.9627373488578
375.99428578945003
258.6279205191932
310.57187219165286
342.5722577626546
366.30578034642036
308.16234600990356
327.7198300908381
299.7735705707624
334.9434262824719
281.2647400553307
384.4977708480592
324.3778525436462
324.7315349361806
279.1814011271469
335.4297433213746
288.10439739152906
304.2193392091166
311.4086787897626
309.69564914702465
284.9478020888958
250.7189281801689
310.1398391783229
322.30740418606234
298.9940742523951
316.28331173601424
314.96084422745685
299.661451050706
313.837645840244
329.1839358989281
298.29241671252674
306.6233821904614
317.7321704753357
288.3500971820706
329.8865791392921
311.0823106766674
301.16664002658575
292.36321833496197
295.23283615972906
301.8126906562549
367.23030989645343
322.78331394609637
384.0609391459692
377.6189210978861
278.0703130106139
295.75146680975877
337.4231930796199
291.28183767492516
328.5197564335259
355.64871151630507
324.0636996351432
289.2623719170837
337.1185580794415
308.60796986935543
330.5945892703409
330.98970897115254
351.89089690813876
346.69428249410834
365.86514152265346
260.942312556525
380.6532447065305
367.90114363601487
317.52884953121645
269.93964195610124
327.1438207733846
327.6034892413163
347.58078944937074
322.64264659182055
337.76505522186824
358.36194325638047
295.96982582149985
325.5567896180113
313.0808270747779
360.60266144843615
300.98263174921215
333.8645646991512
325.7898545245444
325.2665263954483
302.28390368366973
330.02193811707644
331.21866684399265
325.8518266108368
315.4808171355725
315.58764587965953
342.35054085183316
305.67940051945897
375.2726969040807
311.9495905634844
292.37980941965606
376.35661514913966
311.18472393023904
310.23841866193675
302.7909543803477
315.7659007897266
311.80204761003665
321.57716500660666
338.57958620663845
276.4351337901641
308.01326396587973
284.46253707942304
372.8877801425936
316.9002210005856
365.0812601820885
258.19361028837363
320.2224015482743
393.5492736164327
316.1320585611257
295.8078801246972
315.4002130841805
275.29026938487624
336.9768981427171
265.32908997404974
251.43686503954837
431.0402520606576
345.21712716015804
360.5561806250721
371.02360834502264
368.28145156363087
377.06298263360884
265.47592698419373
211.60549641835019
340.69084591215
295.42270780412866
329.09101400583205
301.8228377482223
384.61159129663594
377.76058254368695
377.5498474816199
312.7220167814593
352.4901673437255
310.5716843171695
269.5733370642912
334.7183800916478
391.04268700859126
332.54299710681374
332.9049335478897
347.1595530986872
275.94681748851605
296.2542677688605
392.65647398119376
347.9152361581885
298.8749005938661
365.5110006502005
341.55790818537406
283.87022778965263
306.1336075910299
370.6185476110571
356.98326349002235
237.795662156521
332.41952478008574
321.30151331242354
297.94268731376593
263.66387337722426
301.32602693056725
304.33273240345557
366.5994291816313
303.99006887149085
250.96413369151142
280.2541624985393
274.5462600862691
311.4995803559696
313.253350184225
369.72251153146397
293.0198874851353
325.64242879184206
366.2140583123914
342.8863370200548
288.72845332150683
297.0372092807444
328.20793318019827
244.76689058045332
277.65667786999404
282.3949165017262
260.8367182741829
345.43523902414984
349.13355935222984
342.22395257129506
276.77335881519133
320.3319602822057
322.71507469786866
303.3636238141094
322.02108107683154
310.40738360738084
333.59348205552004
