-286.9559461190325
-338.8344049326545
-291.63782448843244
-344.37017319051444
-313.8293624290644
-336.6372287917676
-388.4205683224536
-307.6365581636913
-412.3794362027412
-365.952297083017
-333.33299554151677
-391.8552130839198
-305.09199092113573
-317.80688219469425
-317.29399457373705
-347.36292660100975
-291.3450809842829
-258.80972791347256
-308.1652300797837
-314.24326353188053
-271.3608012375013
-268.59477349871986
-310.6072995592299
-295.7752030913969
-403.1540227855946
-368.82906122950317
-339.6154273176652
-312.5123704180187
-320.59428194412556
-272.8970835554833
-357.33008247272704
-325.2433878520203
-326.4780499866198
-360.74415410253704
-285.07428395491877
-322.86390009343495
-291.97826462365634
-350.76140484102217
-372.5038032233269
-372.88719072971253
-382.01869570724585
-349.0109382454088
-327.70739486940306
-348.0715058618666
-324.3873785230368
-303.27688950605597
-286.94844070364945
-400.5957897725646
-382.35210110549116
