286.9559461190325
338.486625114988
287.09719689176444
318.62696093849036
301.2799777243105
381.8397716608217
332.7963496052248
308.1083926989389
388.7783361527802
316.4305958089762
335.0642969818876
334.8068809830379
306.20577242727336
309.7526537189422
270.00044795961816
348.1650778504592
304.52414607249483
316.3196700433787
242.8979812494541
257.54566132924623
264.5633857068347
284.07160302519503
313.3615734252877
286.89849284456085
336.21083411382074
363.6937352706088
279.44906962545986
309.0895593181415
299.9058103940371
269.44552324729926
354.2615694027478
379.02077488314546
321.0766054951151
353.8070490789786
256.42917467477974
319.43676918756364
275.6330502158911
319.28974775668166
371.83535498095824
324.8982741627621
373.8925789536178
350.3957453236233
291.21999466984806
345.71517473099505
374.3897350183479
260.8535561834983
288.1400717714884
382.39076045682066
355.6066215203812
354.42329178900667
358.1303737186321
301.36950442163237
356.75370388325695
299.94649811421897
288.11465768619655
300.1557499450072
316.78177722911056
373.59504143352956
317.7243178251375
289.75433563432193
348.97798477821215
378.66747508666725
286.52904432667117
344.8667824048571
306.51054505808804
242.69712431485758
267.94770957050514
336.86975710367005
302.98073979581113
290.320475127486
266.59487761553237
320.87823997544047
330.34223861550925
262.2194277170233
312.90773691641135
327.3552987741569
310.2898804087604
323.9092034917217
359.23311670849694
344.5025446788135
282.05963092191433
289.928939316961
283.2371426053063
328.80883643642784
372.1745396163174
349.7000976866875
364.1277475490545
271.1379342036055
376.0530094291886
269.4492273159162
365.4043141607093
320.5515154564099
299.5877547665969
341.8629265426975
355.3480791591401
407.63981705840825
295.3562349595588
304.1638313475335
348.59987377148633
353.5062777450866
399.6658345081233
297.2806137669767
283.5707529171062
327.6233825322486
334.30763489245476
331.3871170873475
328.7549212352726
298.5838335428655
349.37900484722775
296.5207470109855
368.3216872673597
353.81435545416184
305.8892771380015
321.1042108324323
296.7767359260161
296.62582764306524
332.84343290112986
283.6921966026355
302.036602039085
386.8974679635389
368.3321994759815
307.08460512170336
311.19363194832306
329.7309075551327
378.48652531723206
303.73366315186945
329.4225610598077
326.6853490967781
349.3506044520436
367.440562506345
351.3863311358629
310.18234975980414
308.3870307975847
349.0435741959875
380.76465623924616
295.5311160356839
279.2631472269574
290.21792817892873
389.2404278126923
314.35855515396497
350.76316783777366
304.5093510325786
356.22026979067897
418.01964059031445
306.6992551643637
300.7252125389213
333.0463372766811
351.7170682616455
307.1641221467696
332.58564233870385
298.46660626013613
247.24291801274353
282.01193328878816
338.9625843742762
369.7695564774709
290.0811588529026
296.83966377289573
348.3298872049109
269.76595488477756
330.14344450344174
313.6094199526499
340.53251911290494
316.14317459989985
397.32540603857666
313.94817119775576
317.72088797948203
311.8233493790904
288.2359989938843
296.51285354131716
381.2282232811385
287.81513999915035
348.6028640911908
274.2430463085375
311.3414528916079
311.359308724699
344.3338021795289
286.39920389069357
319.78272650353335
351.2864469274994
402.6513320316726
295.6344901864645
319.7790654120982
408.86350970317653
319.8299314393922
313.77762710722055
334.6879356118359
392.37852493505187
292.41594388771097
311.97914247662425
389.4390838386533
363.97809523852965
298.8831676095506
353.61013514407637
372.23918942744507
256.3960684401997
306.42552610956227
313.1935847576392
356.68141590337046
287.36943627924296
335.2922020202459
327.858657232056
272.7935167687243
272.1381889287043
335.4501534536832
284.9821361172016
296.5920113439978
411.5135815430661
388.3143544497216
368.8622087589519
364.05612145873647
293.5164230062514
290.15892958305903
354.3103684194097
329.0222932354578
278.3872957112444
367.33981754526724
296.1297463832048
319.7083808878257
360.56494150579505
264.06266778112746
315.94631701532415
330.74920431820374
345.70928375740766
304.64341284342987
385.5209484854067
365.570578663796
361.63459471866173
315.76940991343184
348.6682680529464
349.80565650244904
365.4647575022014
336.22680430750086
329.108340515616
331.7984263991924
336.77640036591094
403.1979652185155
298.4946546011261
299.12199757976316
329.3936115032625
303.9206136914137
276.3657121210044
356.061048909805
364.7505242637513
255.38278358888076
315.0758958504656
363.1659836291767
288.7705146034749
328.9327802966293
339.72948715338686
359.46777418186485
331.90674882761624
313.2308299855096
326.27197900726327
305.97410890234465
366.6370280024511
257.9948642930586
337.1797892405804
319.7700767025836
379.97905966101456
316.1863485382538
365.2802139495844
344.0685722063148
357.11836295400366
291.91055444383966
301.8768291024997
326.5602048103793
319.88060341924603
301.95069795075165
296.78126715222777
309.03682418533845
282.5521665802652
324.9082972150476
297.21103489811736
304.87328791332124
285.0805123458482
358.96793643193837
330.91298354564753
344.98077096149945
314.42352121971777
305.385781470612
361.89514259888506
374.24112280436555
364.132014345779
377.9642688529552
310.5265495114481
315.06232152480226
284.54387198912076
306.2634763945791
393.77302138533173
292.92029796120113
365.59295544141014
315.7935960535625
346.79713098891926
284.6446411408509
326.308612144151
289.73531413105815
302.0065482127752
280.9216314159626
340.31217779665644
346.6020308730577
406.4612226115109
324.61619731643987
334.8244170462389
404.7567699997162
340.855368490608
332.2897430772948
325.41018876750917
308.75161356549506
338.46217040415047
307.91103622936544
374.5418093168033
353.6733652579961
275.57198562380285
341.3347993367944
310.12765349352935
302.98846194480814
376.0363392884707
258.72099432975944
310.5781245724595
342.5785690768943
366.2963564122395
308.15924528752174
333.4008799175473
299.82897213443187
334.9097863857003
281.1423367049184
384.426545822447
324.4671227209048
324.6891856946509
279.27535657694716
335.45876121036434
288.02439780755316
304.1781642394041
331.9937709389706
344.8015212500514
294.6745465350567
266.89513111842524
332.3476607398967
342.23743830205945
299.185031445095
316.44704088581784
329.7560263048995
302.8669500492911
321.6492158026109
356.06707296219315
298.5567453633234
333.78110340805983
347.10422193949717
304.86295396737046
346.3957111918453
311.0335080445728
266.0634520836844
337.5349846479092
319.1081783587143
334.786761347399
367.6882364858478
322.93193281756254
384.10831128326305
377.67571284920484
278.16958675007396
295.697730548042
337.2844392820997
291.2777952114739
328.51885939429275
343.32826930919157
323.9597844091077
289.1526569001946
313.3370323793169
308.3888015664484
330.4452383629795
330.7712842532246
351.69254660431665
346.90141744398767
315.31831530128034
260.87524049282484
380.65803827746424
367.8417561906375
317.57611697230607
270.1095315973397
327.07004919893495
327.193614131384
347.57768923021575
322.5527682303579
337.6727452275603
358.3205697556321
296.04974551357293
325.75622121021746
313.0132788570371
360.48097703078633
301.0193166220907
333.7747823288986
325.6664005561665
324.95696698453304
302.0167175303182
330.01103493126845
316.3114149130703
325.93595522729856
314.9493733975919
304.9643777626759
360.82847789224076
289.76508383841764
374.7623552147044
311.8964120922681
292.0554165186821
376.2824962151729
311.04899450519684
309.7246683558075
302.5058003677716
315.7802765341801
311.94910497440463
321.30908399586343
338.65905861909374
276.6737364446497
299.5203772878332
284.572824786106
372.6958126852428
347.3419088183884
377.3744248657677
328.1390295750809
322.0216768500366
306.20563101214356
295.1305597766643
270.4481759614263
315.30443887664535
275.20545241052594
336.9206732612865
283.57489944185676
251.45582328879993
430.9213957501345
345.017931866365
360.45868700659565
334.22653681222823
366.6167309801337
377.19503731226024
339.114833093797
211.36233830262364
340.61877951839847
295.47960078703994
328.99967717476943
301.78869325520856
384.7681203985412
378.06215297055667
377.6105954421074
284.31267485534175
326.7109173656527
309.6718990904521
298.5882621522044
331.0942111739449
344.693992181644
332.9801957068504
377.3778917959844
334.47046663463817
346.17232579162743
327.0581571882434
392.8728941427646
349.4438186265718
298.82831411466816
327.6481353518806
341.1353483731914
310.55088115050154
315.36970101283396
371.0303811391771
356.6534456254242
259.5412505309772
332.1179753679645
320.991983524456
297.64435296147076
385.2981752570207
332.62317177442645
304.4272330372529
366.758539737685
317.1294550406932
293.35594417471026
279.9865198070837
274.60845901431395
311.81946051995413
313.16357263623405
325.8716058907562
293.0273475402112
323.75715436500354
277.2564769488241
315.0206555852002
316.18491887529234
296.85845596681173
328.15977344675457
245.20607693497618
277.5352902790293
272.35075461231577
280.42822127500864
336.6312223935808
349.33805312462994
342.3603655712133
276.6587826409153
336.08805401998075
322.49003856835486
340.80909265004794
323.55423920195653
310.33834366715087
336.847997726045
